23223
23855
27937
28358
28622
28644
29240
32287
33490
34810
35815
38091
38528
40099
40258
40614
41744
44071
#
36868  HA 01 22 12
36582  HA 00 40 52
39285  HA 23 33 16
41384  HA 23 16 10
39375  HA 23 04 36
40505  HA 22 41 41
42907  HA 22 20 06
39079  HA 22 15 44
41238  HA 21 51 51
39635  HA 21 29 38
35943  HA 21 01 44
43867  HA 20 31 49
41121  HA 19 48 33
#
#
#23223 23855 27937 28358 28899 28912 28946 29014 29055 29155 29230 29240 29241 29270 29273 29398 32287 33490 34810 35815 38091 38528 40258 40614 41744
#41121 39375 42907 43867 41238 39079 39285 36582 35943 40505 36868 41384 39635 40258